cin[0]=-4.341665
C[0]=-4.341665
-4.898167 	 
-4.674588 	 
-0.616251 	 
0.264856 	 
-0.228064 	 
1.908955 	 
1.364901 	 
-2.478148 	 
6.063508 	 
2.601947 	 
-10.934529 	 
-2.966829 	 
2.269530 	 
1.240503 	 
4.533381 	 
-1.536481 	 
-2.594254 	 
-9.018437 	 
-1.794244 	 
-7.111822 	 
3.393695 	 
1.780248 	 
-3.301345 	 
2.171829 	 
-2.634126 	 
1.012505 	 
3.353033 	 
-8.946845 	 
-0.120804 	 
-0.020817 	 
-0.950493 	 
-5.176176 	 
-1.712675 	 
-1.918337 	 
4.928195 	 
-1.151258 	 
-3.328739 	 
-3.353834 	 
1.876474 	 
-11.641977 	 
1.001251 	 
-6.473633 	 
0.161864 	 
2.380534 	 
-2.046797 	 
-4.301640 	 
-0.615459 	 
-1.177755 	 
-0.550023 	 
-3.443868 	 
1.311545 	 
1.241451 	 
-2.971800 	 
-5.435364 	 
-4.100797 	 
3.693504 	 
-0.480117 	 
-6.403619 	 
2.142666 	 
-3.804332 	 
-5.979387 	 
-3.086165 	 
0.575529 	 
1.168625 	 
-3.191814 	 
-3.746192 	 
4.681832 	 
2.043586 	 
-0.115288 	 
-3.336056 	 
-2.382351 	 
-1.448240 	 
-0.852761 	 
-3.808125 	 
1.235692 	 
-1.376599 	 
-4.364723 	 
1.316476 	 
1.803553 	 
-6.430896 	 
-2.744868 	 
-6.053513 	 
4.677725 	 
-1.646998 	 
-2.590988 	 
2.229267 	 
3.034424 	 
-3.063172 	 
-5.150162 	 
-1.871925 	 
2.108730 	 
-0.251409 	 
-3.346271 	 
-3.055365 	 
5.522738 	 
-0.294041 	 
2.652707 	 
1.235308 	 
-1.294535 	 
-0.094540 	 
3.193314 	 
2.586299 	 
-2.956268 	 
-1.866959 	 
4.959467 	 
-7.744377 	 
-0.131421 	 
-0.805509 	 
2.804540 	 
-6.087741 	 
-5.934130 	 
2.482126 	 
-1.525290 	 
-0.335810 	 
-1.973247 	 
0.213698 	 
-2.112118 	 
-7.089651 	 
2.425906 	 
2.280418 	 
-2.144143 	 
0.561382 	 
-5.710902 	 
-3.225381 	 
-2.293303 	 
-4.285266 	 
-3.561327 	 
1.037787 	 
-0.920785 	 
-3.083120 	 
3.970607 	 
1.636648 	 
2.772100 	 
-1.404425 	 
-3.189554 	 
-2.527483 	 
-2.614599 	 
-0.795285 	 
-2.412195 	 
-3.721197 	 
-2.030540 	 
-8.989050 	 
-7.918283 	 
-3.400167 	 
-7.594613 	 
-4.959569 	 
-2.159516 	 
-2.069648 	 
2.764415 	 
0.034178 	 
0.058386 	 
-6.062159 	 
-0.890427 	 
-4.457973 	 
-1.904742 	 
-7.075522 	 
-7.647858 	 
-2.242756 	 
-1.678976 	 
-0.977788 	 
4.315157 	 
-6.378320 	 
-5.698564 	 
-0.864999 	 
-5.575880 	 
-6.297217 	 
2.862643 	 
-4.530078 	 
-5.333538 	 
4.282318 	 
0.011515 	 
-2.299461 	 
-0.447142 	 
-3.181578 	 
-2.733232 	 
-3.579809 	 
-10.771352 	 
-3.600802 	 
-6.337465 	 
-8.944757 	 
-4.319488 	 
-0.814473 	 
-8.588511 	 
-1.055187 	 
5.512437 	 
-3.576177 	 
-0.901598 	 
-2.668809 	 
0.896988 	 
-2.449431 	 
-1.912275 	 
-2.583311 	 
3.804167 	 
-2.550797 	 
-0.753127 	 
-4.516459 	 
0.052508 	 
-4.086431 	 
-2.902832 	 
1.855977 	 
-0.953024 	 
-10.014028 	 
1.154196 	 
-2.215930 	 
4.215962 	 
1.380094 	 
-3.239503 	 
-3.994681 	 
0.484831 	 
-1.350257 	 
-5.318331 	 
-7.798594 	 
-2.414636 	 
-0.166854 	 
-7.351295 	 
4.167098 	 
-2.929874 	 
-1.501548 	 
-4.237087 	 
-5.557468 	 
-1.171896 	 
-1.457442 	 
-4.923862 	 
-2.801604 	 
4.344732 	 
-6.777397 	 
-10.168786 	 
-1.188992 	 
0.269611 	 
-0.148887 	 
-2.700043 	 
-2.424905 	 
2.526886 	 
-1.788491 	 
1.475086 	 
1.665284 	 
-4.577764 	 
-2.742434 	 
-1.441806 	 
-1.863306 	 
-4.716784 	 
-2.760755 	 
1.782790 	 
-1.183467 	 
-7.566418 	 
-2.635893 	 
-0.786256 	 
-1.214301 	 
-6.100468 	 
-3.199082 	 
2.817051 	 
-4.652723 	 
0.052317 	 
0.326659 	 
-3.743125 	 
3.171110 	 
-1.882245 	 
1.029678 	 
-0.067855 	 
1.645702 	 
-3.276015 	 
-5.372351 	 
0.987961 	 
-3.121513 	 
2.245018 	 
-2.126850 	 
-3.908036 	 
0.519930 	 
-0.748504 	 
-0.382526 	 
-2.641890 	 
0.637617 	 
-2.129365 	 
1.425406 	 
-2.100872 	 
1.361983 	 
-5.375483 	 
-4.129100 	 
-2.825830 	 
-0.602696 	 
2.133010 	 
-1.885610 	 
-2.610942 	 
-4.939986 	 
-0.451205 	 
-0.693311 	 
-3.978178 	 
-5.887471 	 
2.398493 	 
0.812396 	 
2.978406 	 
-2.245297 	 
-0.923840 	 
-6.746897 	 
0.251794 	 
-6.220561 	 
-0.609408 	 
1.003462 	 
-6.076151 	 
0.264009 	 
-5.517158 	 
3.564420 	 
-1.868935 	 
0.652191 	 
-0.978014 	 
-2.204538 	 
0.841202 	 
-5.334651 	 
0.371833 	 
-0.188985 	 
-1.024349 	 
-1.404302 	 
-1.430906 	 
-1.051629 	 
-1.056609 	 
-2.482001 	 
0.586609 	 
0.133953 	 
-5.328800 	 
-4.592558 	 
-5.761952 	 
2.671199 	 
-0.966318 	 
-0.303075 	 
-1.260406 	 
-0.957512 	 
-0.993288 	 
0.799271 	 
2.553410 	 
-1.236343 	 
-2.649336 	 
-1.362966 	 
1.305110 	 
-2.589778 	 
0.754721 	 
-5.378574 	 
0.506021 	 
2.553970 	 
1.666761 	 
-0.196675 	 
-6.288938 	 
-0.129208 	 
2.326580 	 
-7.368376 	 
1.487943 	 
-2.616359 	 
-4.513038 	 
-0.244866 	 
-1.851656 	 
-3.053925 	 
-5.463949 	 
-1.968135 	 
0.197710 	 
3.151463 	 
0.900754 	 
0.574659 	 
-2.332711 	 
2.056019 	 
0.653078 	 
-0.235123 	 
-2.992186 	 
-0.862324 	 
0.537983 	 
-0.120063 	 
0.484278 	 
-5.254200 	 
-3.809375 	 
0.306215 	 
-0.501330 	 
1.835343 	 
9.902989 	 
3.477305 	 
-3.013233 	 
-0.049534 	 
2.569467 	 
-1.319426 	 
0.766157 	 
-1.832839 	 
-1.363051 	 
-0.843549 	 
0.507927 	 
-0.767554 	 
-2.307550 	 
4.335543 	 
0.319688 	 
-1.258599 	 
-0.645016 	 
-3.600603 	 
2.269917 	 
-0.078649 	 
0.486933 	 
0.130320 	 
0.254210 	 
-0.922575 	 
2.953256 	 
-2.941420 	 
-1.690489 	 
-0.421069 	 
-3.445522 	 
-2.966045 	 
-10.655830 	 
-6.161008 	 
-2.882158 	 
-0.458425 	 
-2.769238 	 
-0.530425 	 
-0.202975 	 
4.650633 	 
-1.225550 	 
-5.424591 	 
-2.259107 	 
-2.504452 	 
0.432776 	 
1.196679 	 
-6.571030 	 
3.697552 	 
3.089682 	 
-2.127381 	 
2.340193 	 
-4.664564 	 
-8.248638 	 
-2.719817 	 
5.163116 	 
3.502720 	 
1.247267 	 
5.606852 	 
4.981775 	 
-2.234576 	 
-3.387355 	 
-6.446399 	 
-5.647454 	 
1.016042 	 
-0.640027 	 
-2.519370 	 
-2.057432 	 
-3.914419 	 
1.885406 	 
-0.035826 	 
0.555456 	 
2.597414 	 
1.129483 	 
-4.745214 	 
3.132873 	 
-7.742673 	 
-1.176193 	 
0.493278 	 
-2.961932 	 
-3.711879 	 
-0.130959 	 
-6.348068 	 
-0.341044 	 
2.344884 	 
4.237679 	 
1.154740 	 
-1.081169 	 
-1.656813 	 
-6.529735 	 
-0.784702 	 
-7.501784 	 
-1.151703 	 
3.907991 	 
1.669119 	 
-0.460823 	 
-2.989532 	 
-2.885721 	 
1.567371 	 
-1.730882 	 
-7.120603 	 
3.085608 	 
2.349395 	 
-4.974610 	 
-0.100774 	 
-1.712269 	 
-1.110401 	 
-2.012834 	 
-1.832441 	 
-1.960316 	 
0.262766 	 
0.207870 	 
-2.274339 	 
1.835418 	 
-7.007683 	 
-2.686530 	 
-3.067509 	 
-2.252879 	 
-0.666565 	 
4.014621 	 
-0.117684 	 
0.971922 	 
-0.243235 	 
-1.839613 	 
0.992149 	 
0.720775 	 
2.650670 	 
-0.877828 	 
1.055723 	 
1.317946 	 
-3.496442 	 
-3.575556 	 
-0.814777 	 
1.303893 	 
-2.266042 	 
-2.178950 	 
-0.695838 	 
-0.093957 	 
-3.877482 	 
-3.746101 	 
-1.808662 	 
2.091491 	 
0.599464 	 
-2.752362 	 
-3.978787 	 
1.067451 	 
-0.125073 	 
-0.421440 	 
0.626133 	 
0.824119 	 
0.595993 	 
-1.809975 	 
0.286342 	 
0.085867 	 
1.512057 	 
-0.695197 	 
-0.299050 	 
1.236460 	 
1.004045 	 
0.610308 	 
0.320494 	 
-0.294150 	 
0.629044 	 
-0.735319 	 
-0.704354 	 
-1.263619 	 
0.530641 	 
0.501020 	 
-0.505317 	 
0.113916 	 
-0.178041 	 
0.439217 	 
0.294526 	 
1.049816 	 
-0.138648 	 
2.140366 	 
-0.436630 	 
-0.169868 	 
0.226167 	 
0.558451 	 
0.108086 	 
-0.697877 	 
0.622621 	 
0.107644 	 
-1.064084 	 
-0.101618 	 
0.536568 	 
-0.967277 	 
-0.153204 	 
-0.078725 	 
-0.455157 	 
0.031166 	 
-0.099456 	 
-0.338713 	 
0.156402 	 
0.314410 	 
-0.399018 	 
0.664893 	 
0.093817 	 
1.010067 	 
0.484012 	 
0.224937 	 
-1.284169 	 
-1.237771 	 
-1.201005 	 
0.765293 	 
-0.368829 	 
-0.479576 	 
0.405724 	 
0.836311 	 
1.099614 	 
0.348860 	 
0.579274 	 
1.082611 	 
-0.466979 	 
0.052929 	 
0.026869 	 
0.015265 	 
-0.026612 	 
0.152694 	 
0.320489 	 
-1.682460 	 
-1.033841 	 
-0.231462 	 
-0.141476 	 
0.494882 	 
-0.315948 	 
0.711015 	 
-0.205561 	 
0.188399 	 
-0.232802 	 
0.575840 	 
0.269069 	 
0.187594 	 
0.825758 	 
-0.232527 	 
0.755048 	 
0.582965 	 
-0.158544 	 
0.552530 	 
0.986094 	 
0.789579 	 
0.211533 	 
-0.572854 	 
-0.573330 	 
0.998682 	 
0.213599 	 
0.330723 	 
0.419925 	 
-0.216763 	 
0.093875 	 
-0.790903 	 
0.065826 	 
0.150353 	 
-0.078177 	 
-0.128617 	 
0.374203 	 
0.480012 	 
1.089563 	 
-0.732375 	 
0.200510 	 
-0.937021 	 
-0.912597 	 
0.693711 	 
-1.446358 	 
1.099383 	 
-0.420187 	 
0.365864 	 
0.687349 	 
0.661758 	 
-0.515338 	 
0.178514 	 
0.493330 	 
0.340717 	 
-0.774882 	 
0.154143 	 
-0.445219 	 
0.211128 	 
-0.886855 	 
0.209629 	 
-1.498101 	 
0.155778 	 
0.271479 	 
0.252722 	 
-1.110409 	 
-0.545301 	 
0.790619 	 
0.010697 	 
0.111491 	 
1.623868 	 
-0.508037 	 
-0.719022 	 
-0.398915 	 
0.821261 	 
-0.514673 	 
0.014033 	 
-0.804509 	 
-0.643162 	 
0.016523 	 
0.463283 	 
1.194946 	 
0.137482 	 
0.425946 	 
0.012373 	 
-1.740447 	 
-0.115978 	 
0.534476 	 
-1.721556 	 
-1.297064 	 
-1.187148 	 
2.378330 	 
-1.004838 	 
0.692637 	 
-0.821151 	 
-0.337404 	 
0.655652 	 
-0.438301 	 
-0.811496 	 
0.399493 	 
-0.196853 	 
0.505174 	 
0.032640 	 
0.353029 	 
1.326829 	 
0.934370 	 
2.179319 	 
0.303177 	 
0.186646 	 
-0.129087 	 
0.118846 	 
0.668588 	 
0.871179 	 
-0.134126 	 
1.281920 	 
-1.349771 	 
-0.448185 	 
-0.385179 	 
1.581098 	 
0.042676 	 
-1.721679 	 
0.054976 	 
0.210140 	 
-0.063090 	 
0.300018 	 
0.423534 	 
-0.383961 	 
0.282565 	 
-1.622358 	 
0.022842 	 
-0.700065 	 
-1.045406 	 
0.230968 	 
-0.875314 	 
-1.226253 	 
1.146546 	 
-1.666094 	 
0.598033 	 
0.085113 	 
-1.652336 	 
-0.680999 	 
0.640705 	 
-1.698211 	 
-0.411399 	 
0.468046 	 
1.761734 	 
-0.352105 	 
-0.223182 	 
-0.381355 	 
-0.740070 	 
-0.907223 	 
0.985997 	 
-0.208883 	 
0.013525 	 
-1.677611 	 
0.688336 	 
-0.756750 	 
1.186096 	 
-0.476186 	 
0.385486 	 
-1.430791 	 
-0.202071 	 
-0.589874 	 
0.238373 	 
-1.247438 	 
-0.101169 	 
-0.895658 	 
0.384014 	 
0.123943 	 
-0.945993 	 
0.381164 	 
-0.322050 	 
-0.563726 	 
0.132128 	 
-0.071889 	 
1.384855 	 
0.560425 	 
-0.661048 	 
0.476539 	 
-0.167085 	 
0.565761 	 
-0.333482 	 

